coll-info-cars: 4.5
collisions/min: 0.0640852453389
carAcceleration: 2.0
dead-info-cars: 6.0
dead-info-time: 79.41224
canTurn: True
spawnProbability: 20.0
arrived: 44.2
present: 7.4
carMaxSpeed: 59.4
deadlocks: 1.2
through/min: 7.08141960995
lost: 0.0
created: 71.8
spawnRate: 0.60306034
collisions: 0.4
trafficLightOffset: 3.0
trafficLightMode: False
time: 374.50118
trafficLightDuration: 23.6
deadlocks/min: 0.192255736017
coll-info-time: 50.684325
