coll-info-cars: 7.0
collisions/min: 0.0373034666858
carAcceleration: 2.0
dead-info-cars: 8.0
dead-info-time: 84.05775
canTurn: False
spawnProbability: 20.0
arrived: 70.5
present: 9.0
carMaxSpeed: 59.4
deadlocks: 1.5
through/min: 10.5195776054
lost: 0.0
created: 101.25
spawnRate: 0.555517675
collisions: 0.25
trafficLightOffset: 3.0
trafficLightMode: False
time: 402.1074
trafficLightDuration: 21.75
deadlocks/min: 0.223820800115
coll-info-time: 106.058
