coll-info-cars: 7.33333333333
collisions/min: 0.0780704049321
carAcceleration: 2.0
dead-info-cars: 8.25
dead-info-time: 97.425425
canTurn: True
spawnProbability: 20.0
arrived: 39.75
present: 9.5
carMaxSpeed: 39.6
deadlocks: 2.0
through/min: 4.1377314614
lost: 0.0
created: 71.25
spawnRate: 0.9803774
collisions: 0.75
trafficLightOffset: 3.0
trafficLightMode: True
time: 576.4028
trafficLightDuration: 38.75
deadlocks/min: 0.208187746486
coll-info-time: 139.991366667
