coll-info-cars: 7.5
collisions/min: 0.0988498653418
carAcceleration: 3.0
dead-info-cars: 8.6
dead-info-time: 169.24548
canTurn: True
spawnProbability: 20.0
arrived: 60.5
present: 9.75
carMaxSpeed: 59.4
deadlocks: 2.25
through/min: 5.98041685318
lost: 0.75
created: 93.25
spawnRate: 0.672494625
collisions: 1.0
trafficLightOffset: 3.0
trafficLightMode: True
time: 606.9811
trafficLightDuration: 26.25
deadlocks/min: 0.222412197019
coll-info-time: 98.69507
