coll-info-cars: 3.0
collisions/min: 0.0526895420655
carAcceleration: 2.0
dead-info-cars: 8.0
dead-info-time: 171.85855
canTurn: True
spawnProbability: 20.0
arrived: 62.5
present: 67.25
carMaxSpeed: 29.7
deadlocks: 1.5
through/min: 6.58619275819
lost: 0.0
created: 93.0
spawnRate: 0.500843075
collisions: 0.5
trafficLightOffset: 3.0
trafficLightMode: True
time: 569.37295
trafficLightDuration: 19.25
deadlocks/min: 0.158068626197
coll-info-time: 34.56361
